5 bilangan acak
10 2 13 3 1

10 bilangan acak
32 74 51 13 67 89 45 28 10 94

12 bilangan acak
32 74 51 13 67 89 45 28 10 94 36 55

25 bilangan acak
32 74 51 13 67 89 45 28 10 94 36 55 62 79 40 83 22 57 69 91 18 73 26 81 43

50 bilangan acak
32 74 51 13 67 89 45 28 10 94 36 55 62 79 40 83 22 57 69 91 18 73 26 81 43 15 99 33 88 60 49 24 72 54 61 37 85 21 95 29 16 66 84 47 92 38 77 19 53 41

100 bilangan acak
37 48 29 10 47 65 83 19 24 56 01 83 64 72 95 08 17 34 62 95 81 30 75 29 46 28 10 37 95 40 18 29 47 62 83 01 49 58 67 13 09 48 75 62 81 04 95 76 23 01 98 47 56 28 19 50 37 48 19 26 45 01 83 74 62 98 10 38 47 65 92 83 10 47 56 21 89 03 84 76 29 50 18 34 76 29 10 38 47 56 29 18 30 47 56 21 90 83 47 56


